ARG 104 A 31.81 52.11 20.3  38.96
ALA 107 A 6.53 25.01 18.48  73.89
VAL 108 A 10.45 45.74 35.29  77.15
PRO 111 A 5.88 69.41 63.53  91.53
MET 112 A 30.85 125.14 94.29  75.35
LEU 113 A 30.51 67.48 36.97  54.79
TYR 114 A 30.23 53.09 22.86  43.06
ASN 115 A 32.06 103.36 71.3  68.98
THR 116 A 3.99 90.64 86.65  95.60
ARG 117 A 67.41 118.74 51.33  43.23
TYR 118 A 106.47 117.42 10.95   9.33
SER 120 A 14.38 40.80 26.42  64.75
LYS 121 A 76.17 112.31 36.14  32.18
ARG 122 A 90.44 210.95 120.51  57.13
ILE 184 A 8.8 13.49 4.69  34.77
VAL 187 A 34.61 43.83 9.22  21.04
LEU 188 A 10.52 56.36 45.84  81.33
ARG 191 A 24.81 118.29 93.48  79.03
ARG 192 A 27.63 66.72 39.09  58.59
ARG 194 A 136.06 144.02 7.96   5.53
VAL 195 A 12.63 34.47 21.84  63.36
THR 197 A 111.02 112.82 1.8   1.60
LYS 198 A 36.07 164.35 128.28  78.05
ARG 199 A 43.35 91.95 48.6  52.85
SER 200 A 64.71 119.83 55.12  46.00
SER 201 A 31.78 33.13 1.35   4.07
LYS 212 A 148.21 159.12 10.91   6.86
LEU 213 A 56.36 59.99 3.63   6.05
LYS 217 A 27.57 83.30 55.73  66.90
LYS 220 A 55.73 97.96 42.23  43.11
ALA 221 A 5.65 30.18 24.53  81.28
MET 224 A 24.46 56.03 31.57  56.34
LEU 225 A 19.17 26.35 7.18  27.25
THR 278 A 68.54 72.37 3.83   5.29
PHE 279 A 7.61 55.02 47.41  86.17
ASN 280 A 20.63 42.75 22.12  51.74
ILE 281 A 75.91 141.85 65.94  46.49
GLU 282 A 39.94 50.55 10.61  20.99
