ARG 104 A 43.23 54.64 11.41  20.88
ALA 107 A 11.01 27.19 16.18  59.51
VAL 108 A 8.99 43.76 34.77  79.46
MET 110 A 94.26 96.95 2.69   2.77
PRO 111 A 3.19 56.97 53.78  94.40
MET 112 A 38.06 126.21 88.15  69.84
LEU 113 A 53.53 74.60 21.07  28.24
TYR 114 A 37.99 48.28 10.29  21.31
ASN 115 A 25.78 126.98 101.2  79.70
THR 116 A 29.6 107.51 77.91  72.47
ARG 117 A 32.57 83.61 51.04  61.05
TYR 118 A 82.41 97.47 15.06  15.45
SER 120 A 30.97 43.12 12.15  28.18
LYS 121 A 99.23 113.43 14.2  12.52
ARG 122 A 159.9 191.74 31.84  16.61
ILE 184 A 12.22 14.31 2.09  14.61
VAL 187 A 41.11 47.12 6.01  12.75
LEU 188 A 13.4 57.85 44.45  76.84
ARG 191 A 20.84 98.50 77.66  78.84
ARG 192 A 20.93 54.43 33.5  61.55
ARG 194 A 118.11 138.34 20.23  14.62
VAL 195 A 18.6 38.94 20.34  52.23
LYS 198 A 37.23 161.17 123.94  76.90
ARG 199 A 37.36 174.45 137.09  78.58
SER 200 A 52.78 112.73 59.95  53.18
SER 201 A 41.97 44.54 2.57   5.77
LYS 212 A 123.6 180.83 57.23  31.65
LEU 213 A 60.09 75.66 15.57  20.58
LYS 217 A 18.06 95.32 77.26  81.05
LYS 220 A 37.91 93.50 55.59  59.45
ALA 221 A 6.14 29.85 23.71  79.43
MET 224 A 34.77 76.31 41.54  54.44
LEU 225 A 19.52 26.28 6.76  25.72
THR 278 A 71.02 72.28 1.26   1.74
PHE 279 A 27.7 79.65 51.95  65.22
ASN 280 A 26.35 77.42 51.07  65.96
ILE 281 A 57.11 101.07 43.96  43.49
GLU 282 A 42.15 47.77 5.62  11.76
ARG 284 A 117.53 119.05 1.52   1.28
