LYS 40 A 90.38 111.78 21.4  19.14
THR 42 A 29.91 31.26 1.35   4.32
ARG 104 A 36.29 55.20 18.91  34.26
ALA 107 A 10.56 35.60 25.04  70.34
ILE 108 A 3.08 34.50 31.42  91.07
PRO 111 A 6.27 66.01 59.74  90.50
PHE 112 A 72.75 160.94 88.19  54.80
ARG 113 A 91.75 141.52 49.77  35.17
TYR 114 A 14.69 40.12 25.43  63.38
GLU 115 A 67.25 136.57 69.32  50.76
ARG 116 A 50.09 194.11 144.02  74.20
LYS 117 A 113.46 115.74 2.28   1.97
THR 119 A 29.86 61.81 31.95  51.69
PRO 120 A 45.24 82.64 37.4  45.26
LYS 121 A 83.42 160.56 77.14  48.04
PHE 124 A 110.61 112.74 2.13   1.89
ILE 200 A 1.99 25.56 23.57  92.21
ILE 203 A 29.91 32.68 2.77   8.48
ALA 204 A 7.04 15.33 8.29  54.08
GLN 207 A 15.02 111.84 96.82  86.57
ILE 208 A 36.0 60.02 24.02  40.02
ARG 210 A 74.84 136.34 61.5  45.11
ALA 212 A 68.31 91.74 23.43  25.54
ALA 213 A 8.26 85.03 76.77  90.29
LEU 214 A 34.75 113.46 78.71  69.37
GLU 215 A 12.33 48.87 36.54  74.77
ARG 216 A 79.84 108.82 28.98  26.63
ALA 217 A 23.97 105.72 81.75  77.33
ALA 218 A 0.0 98.63 98.63 100.00
ALA 219 A 9.61 59.35 49.74  83.81
ALA 220 A 0.07 70.22 70.15  99.90
SER 221 A 8.99 40.59 31.6  77.85
GLN 222 A 34.96 109.61 74.65  68.11
PRO 223 A 11.39 12.52 1.13   9.03
LYS 228 A 134.06 155.89 21.83  14.00
MET 229 A 34.43 42.56 8.13  19.10
ARG 233 A 59.24 136.69 77.45  56.66
LYS 236 A 67.95 81.58 13.63  16.71
VAL 237 A 5.9 46.43 40.53  87.29
THR 240 A 39.2 69.97 30.77  43.98
LEU 241 A 15.98 23.67 7.69  32.49
PHE 300 A 129.18 136.84 7.66   5.60
ASN 301 A 21.98 74.72 52.74  70.58
ALA 302 A 55.1 85.12 30.02  35.27
ASP 303 A 21.19 31.26 10.07  32.21
