ARG 104 A 81.87 85.83 3.96   4.61
ALA 107 A 1.82 3.07 1.25  40.72
ILE 108 A 23.68 75.80 52.12  68.76
SER 109 A 20.76 22.32 1.56   6.99
SER 110 A 25.02 30.09 5.07  16.85
PRO 111 A 0.67 88.01 87.34  99.24
PHE 112 A 13.79 121.44 107.65  88.64
TYR 114 A 52.84 125.05 72.21  57.74
GLU 115 A 29.28 118.33 89.05  75.26
ARG 116 A 57.2 96.89 39.69  40.96
LYS 117 A 73.91 135.01 61.1  45.26
THR 119 A 17.78 33.64 15.86  47.15
PRO 120 A 87.86 100.34 12.48  12.44
LYS 121 A 101.31 115.18 13.87  12.04
ILE 203 A 19.55 31.89 12.34  38.70
LYS 206 A 44.8 133.82 89.02  66.52
GLN 207 A 12.38 19.79 7.41  37.44
ARG 209 A 130.44 184.51 54.07  29.30
ARG 210 A 2.58 178.98 176.4  98.56
ILE 211 A 33.15 82.67 49.52  59.90
ALA 212 A 5.52 21.60 16.08  74.44
ALA 213 A 2.42 92.66 90.24  97.39
LEU 214 A 9.13 88.17 79.04  89.65
GLU 215 A 58.19 97.16 38.97  40.11
ALA 217 A 65.12 101.79 36.67  36.03
ALA 218 A 40.82 59.77 18.95  31.70
ALA 219 A 111.15 113.67 2.52   2.22
SER 221 A 101.96 126.70 24.74  19.53
PRO 223 A 126.42 129.69 3.27   2.52
MET 229 A 14.45 22.52 8.07  35.83
LYS 232 A 29.07 48.75 19.68  40.37
ARG 233 A 2.29 83.67 81.38  97.26
LYS 236 A 57.86 114.21 56.35  49.34
VAL 237 A 26.73 55.30 28.57  51.66
THR 240 A 33.91 63.63 29.72  46.71
PHE 300 A 149.66 152.31 2.65   1.74
ASN 301 A 24.02 77.85 53.83  69.15
ALA 302 A 38.38 71.27 32.89  46.15
ASP 303 A 39.19 56.87 17.68  31.09
