ARG 24 B 129.8 158.21 28.41  17.96
GLU 28 B 47.02 86.78 39.76  45.82
ALA 31 B 61.97 63.68 1.71   2.69
ARG 32 B 38.78 135.47 96.69  71.37
VAL 34 B 7.84 23.15 15.31  66.13
GLU 116 B 147.68 172.36 24.68  14.32
LYS 192 B 114.54 136.55 22.01  16.12
ASP 193 B 106.03 131.13 25.1  19.14
LEU 194 B 6.87 58.65 51.78  88.29
GLN 304 B 46.68 76.52 29.84  39.00
CYS 305 B 35.8 61.52 25.72  41.81
GLU 308 B 3.15 63.42 60.27  95.03
ASN 311 B 0.0 7.93 7.93 100.00
LYS 312 B 18.44 124.17 105.73  85.15
ARG 313 B 196.16 211.19 15.03   7.12
LYS 314 B 52.24 67.09 14.85  22.13
ASP 315 B 71.03 96.51 25.48  26.40
LYS 317 B 5.42 8.25 2.83  34.30
GLU 318 B 10.74 48.71 37.97  77.95
ILE 319 B 4.73 18.25 13.52  74.08
TYR 320 B 15.66 34.52 18.86  54.63
THR 321 B 24.7 39.06 14.36  36.76
PHE 336 B 13.69 39.27 25.58  65.14
ASP 337 B 65.06 92.53 27.47  29.69
THR 340 B 12.61 66.72 54.11  81.10
ASP 341 B 13.65 48.55 34.9  71.88
ILE 343 B 42.53 90.52 47.99  53.02
ILE 344 B 17.52 84.91 67.39  79.37
LYS 345 B 7.27 29.97 22.7  75.74
ASN 347 B 54.89 89.39 34.5  38.59
LEU 348 B 8.91 53.98 45.07  83.49
LYS 349 B 75.64 82.74 7.1   8.58
ASP 350 B 41.94 125.81 83.87  66.66
CYS 351 B 4.3 84.20 79.9  94.89
GLY 352 B 14.21 60.83 46.62  76.64
LEU 353 B 12.16 133.32 121.16  90.88
PHE 354 B 10.68 80.00 69.32  86.65
