GLU 25 B 88.5 89.70 1.2   1.34
GLU 28 B 15.32 79.29 63.97  80.68
ALA 31 B 54.79 64.69 9.9  15.30
ARG 32 B 24.44 131.18 106.74  81.37
VAL 34 B 2.49 28.73 26.24  91.33
GLU 116 B 116.84 153.27 36.43  23.77
ASP 193 B 113.38 114.92 1.54   1.34
LEU 194 B 16.33 70.82 54.49  76.94
PHE 196 B 4.71 6.45 1.74  26.98
THR 219 B 39.58 44.50 4.92  11.06
ILE 265 B 2.39 5.78 3.39  58.65
GLY 292 B 47.02 75.70 28.68  37.89
GLU 298 B 81.3 84.72 3.42   4.04
GLN 304 B 66.65 79.43 12.78  16.09
GLU 308 B 27.29 64.59 37.3  57.75
ASP 309 B 58.34 68.19 9.85  14.44
ASN 311 B 8.16 39.29 31.13  79.23
LYS 312 B 24.84 119.58 94.74  79.23
ARG 313 B 175.33 184.25 8.92   4.84
LYS 314 B 86.56 94.62 8.06   8.52
ASP 315 B 69.94 121.89 51.95  42.62
LYS 317 B 4.39 10.02 5.63  56.19
GLU 318 B 1.47 56.62 55.15  97.40
ILE 319 B 4.44 37.76 33.32  88.24
TYR 320 B 12.23 85.06 72.83  85.62
THR 321 B 18.3 33.20 14.9  44.88
HIS 322 B 21.95 25.09 3.14  12.51
ASP 337 B 55.95 76.25 20.3  26.62
ALA 338 B 0.13 2.18 2.05  94.04
VAL 339 B 1.89 6.56 4.67  71.19
THR 340 B 25.26 80.94 55.68  68.79
ASP 341 B 0.63 34.80 34.17  98.19
VAL 342 B 14.0 25.68 11.68  45.48
ILE 343 B 14.29 87.43 73.14  83.66
ILE 344 B 3.95 94.50 90.55  95.82
LYS 345 B 13.25 36.64 23.39  63.84
ASN 346 B 114.23 115.89 1.66   1.43
ASN 347 B 39.05 87.32 48.27  55.28
LEU 348 B 5.99 43.12 37.13  86.11
LYS 349 B 113.59 115.61 2.02   1.75
ASP 350 B 35.13 121.61 86.48  71.11
CYS 351 B 43.78 75.71 31.93  42.17
GLY 352 B 42.02 62.28 20.26  32.53
LEU 353 B 18.86 119.57 100.71  84.23
PHE 354 B 17.01 103.90 86.89  83.63
