LYS 17 B 140.0 142.77 2.77   1.94
ASP 20 B 34.24 55.92 21.68  38.77
LYS 21 B 107.02 126.34 19.32  15.29
ARG 24 B 94.87 159.70 64.83  40.59
GLU 28 B 28.44 75.80 47.36  62.48
ALA 31 B 59.32 91.97 32.65  35.50
ARG 32 B 28.17 91.42 63.25  69.19
GLU 115 B 96.83 98.44 1.61   1.64
GLU 116 B 70.56 150.31 79.75  53.06
GLN 117 B 191.67 204.07 12.4   6.08
LYS 193 B 85.21 98.29 13.08  13.31
ASP 194 B 52.35 71.78 19.43  27.07
LEU 195 B 23.02 34.70 11.68  33.66
LEU 267 B 6.54 8.33 1.79  21.49
TYR 291 B 105.45 135.41 29.96  22.13
ALA 294 B 41.96 53.89 11.93  22.14
ASN 295 B 114.67 130.89 16.22  12.39
TYR 297 B 100.38 144.78 44.4  30.67
SER 302 B 3.42 18.77 15.35  81.78
GLN 305 B 0.04 81.34 81.3  99.95
SER 306 B 7.83 45.78 37.95  82.90
PHE 308 B 13.73 21.84 8.11  37.13
GLU 309 B 29.17 151.80 122.63  80.78
ASP 310 B 86.53 97.71 11.18  11.44
ASN 312 B 1.4 13.52 12.12  89.64
LYS 313 B 13.46 106.62 93.16  87.38
ARG 314 B 138.94 175.22 36.28  20.71
ASP 316 B 65.18 124.55 59.37  47.67
GLU 319 B 3.83 36.58 32.75  89.53
ILE 320 B 8.94 41.57 32.63  78.49
TYR 321 B 4.47 20.26 15.79  77.94
THR 322 B 15.69 36.30 20.61  56.78
PHE 324 B 63.23 78.17 14.94  19.11
PHE 337 B 27.54 58.42 30.88  52.86
ASP 338 B 76.54 95.96 19.42  20.24
THR 341 B 3.36 53.94 50.58  93.77
ASP 342 B 8.47 35.05 26.58  75.83
ILE 344 B 72.46 108.34 35.88  33.12
ILE 345 B 11.47 83.22 71.75  86.22
LYS 346 B 5.72 26.49 20.77  78.41
ASN 347 B 94.84 98.62 3.78   3.83
ASN 348 B 37.75 78.82 41.07  52.11
LEU 349 B 11.13 57.45 46.32  80.63
LYS 350 B 96.36 100.58 4.22   4.20
ASP 351 B 25.45 114.94 89.49  77.86
CYS 352 B 56.1 89.45 33.35  37.28
GLY 353 B 20.77 56.82 36.05  63.45
LEU 354 B 12.99 120.44 107.45  89.21
PHE 355 B 27.39 138.42 111.03  80.21
