LYS 17 B 147.53 161.16 13.63   8.46
ASP 20 B 43.8 60.38 16.58  27.46
LYS 21 B 86.36 113.64 27.28  24.01
ARG 24 B 81.97 148.50 66.53  44.80
GLU 28 B 24.96 89.17 64.21  72.01
ALA 31 B 38.53 92.46 53.93  58.33
ARG 32 B 43.25 92.46 49.21  53.22
VAL 34 B 11.84 20.29 8.45  41.65
GLU 116 B 113.52 164.32 50.8  30.92
ASP 194 B 56.34 59.65 3.31   5.55
LEU 195 B 10.59 54.31 43.72  80.50
THR 220 B 48.96 50.90 1.94   3.81
TYR 291 B 113.47 138.28 24.81  17.94
GLN 305 B 36.68 71.43 34.75  48.65
SER 306 B 22.26 53.48 31.22  58.38
GLU 309 B 0.04 19.43 19.39  99.79
LYS 313 B 34.79 115.27 80.48  69.82
ARG 314 B 151.81 166.65 14.84   8.90
ASP 316 B 82.41 98.95 16.54  16.72
GLU 319 B 19.67 79.76 60.09  75.34
ILE 320 B 3.2 15.98 12.78  79.97
TYR 321 B 21.01 30.11 9.1  30.22
THR 322 B 24.63 29.95 5.32  17.76
PHE 337 B 14.46 36.85 22.39  60.76
ASP 338 B 71.11 84.17 13.06  15.52
THR 341 B 5.01 53.28 48.27  90.60
ASP 342 B 26.64 52.40 25.76  49.16
ILE 344 B 33.38 109.77 76.39  69.59
ILE 345 B 17.0 79.13 62.13  78.52
LYS 346 B 7.59 18.39 10.8  58.73
ASN 348 B 39.79 80.47 40.68  50.55
LEU 349 B 13.65 53.75 40.1  74.60
LYS 350 B 88.79 110.95 22.16  19.97
ASP 351 B 35.89 129.68 93.79  72.32
CYS 352 B 12.22 81.26 69.04  84.96
GLY 353 B 14.23 59.02 44.79  75.89
LEU 354 B 14.55 129.07 114.52  88.73
PHE 355 B 14.13 96.21 82.08  85.31
